0.0000 0.000000
0.1000 0.000000
0.2000 0.000000
0.3000 0.000000
0.4000 0.000000
0.5000 0.000000
0.6000 0.000000
0.7000 0.000000
0.8000 0.000000
0.9000 0.000000
1.0000 0.000000
1.1000 0.000000
1.2000 0.000000
1.3000 0.000000
1.4000 0.000000
1.5000 0.000000
1.6000 0.000000
1.7000 0.000000
1.8000 0.000000
1.9000 0.000000
2.0000 0.000000
2.1000 0.000000
2.2000 0.000000
2.3000 0.000000
2.4000 0.000000
2.5000 0.000000
2.6000 0.000000
2.7000 0.000000
2.8000 0.000000
2.9000 0.000000
3.0000 0.000000
3.1000 0.000000
3.2000 0.000000
3.3000 0.000000
3.4000 0.000000
3.5000 0.000000
3.6000 0.000000
3.7000 0.000000
3.8000 0.000000
3.9000 0.000000
4.0000 0.000000
4.1000 0.000000
4.2000 0.000000
4.3000 0.000000
4.4000 0.000000
4.5000 0.000000
4.6000 0.000000
4.7000 0.000000
4.8000 0.000000
4.9000 0.000000
5.0000 0.000000
5.1000 0.000000
5.2000 0.000000
5.3000 0.000000
5.4000 0.000000
5.5000 0.000000
5.6000 0.000000
5.7000 0.000000
5.8000 0.000000
5.9000 0.000000
6.0000 0.000000
6.1000 0.000000
6.2000 0.000000
6.3000 0.000000
6.4000 0.000000
6.5000 0.000000
6.6000 0.000000
6.7000 0.000000
6.8000 0.000000
6.9000 0.000000
7.0000 0.000000
7.1000 0.000000
7.2000 0.000000
7.3000 0.000000
7.4000 0.000000
7.5000 0.000000
7.6000 0.000000
7.7000 0.000000
7.8000 0.000000
7.9000 0.000000
8.0000 0.000000
8.1000 0.000000
8.2000 0.000000
8.3000 0.000000
8.4000 0.000000
8.5000 0.000000
8.6000 0.000000
8.7000 0.000000
8.8000 0.000000
8.9000 0.000000
9.0000 0.000000
9.1000 0.000000
9.2000 0.000000
9.3000 0.000000
9.4000 0.000000
9.5000 0.000000
9.6000 0.000000
9.7000 0.000000
9.8000 0.000000
9.9000 0.000000
10.0000 0.000000
10.1000 0.000000
10.2000 0.000000
10.3000 0.000000
10.4000 0.000000
10.5000 0.000000
10.6000 0.000000
10.7000 0.000000
10.8000 0.000000
10.9000 0.000000
11.0000 0.000000
11.1000 0.000000
11.2000 0.000000
11.3000 0.000000
11.4000 0.000000
11.5000 0.000000
11.6000 0.000000
11.7000 0.000000
11.8000 0.000000
11.9000 0.000000
12.0000 0.000000
12.1000 0.000000
12.2000 0.000000
12.3000 0.000000
12.4000 0.000000
12.5000 0.000000
12.6000 0.000000
12.7000 0.000000
12.8000 0.000000
12.9000 0.000000
13.0000 0.000000
13.1000 0.000000
13.2000 0.000000
13.3000 0.000000
13.4000 0.000000
13.5000 0.000000
13.6000 0.000000
13.7000 0.000000
13.8000 0.000000
13.9000 0.000000
14.0000 0.000000
14.1000 0.000000
14.2000 0.000000
14.3000 0.000000
14.4000 0.000000
14.5000 0.000000
14.6000 0.000000
14.7000 0.000000
14.8000 0.000000
14.9000 0.000000
15.0000 0.000000
15.1000 0.000000
15.2000 0.000000
15.3000 0.000000
15.4000 0.000000
15.5000 0.000000
15.6000 0.000000
15.7000 0.000000
15.8000 0.000000
15.9000 133475.262659
16.0000 0.000000
16.1000 0.000000
16.2000 0.000000
16.3000 0.000000
16.4000 0.000000
16.5000 0.000000
16.6000 0.000000
16.7000 0.000000
16.8000 0.000000
16.9000 0.000000
17.0000 0.000000
17.1000 0.000000
17.2000 0.000000
17.3000 0.000000
17.4000 0.000000
17.5000 0.000000
17.6000 0.000000
17.7000 0.000000
17.8000 0.000000
17.9000 0.000000
18.0000 0.000000
18.1000 0.000000
18.2000 0.000000
18.3000 0.000000
18.4000 0.000000
18.5000 0.000000
18.6000 0.000000
18.7000 0.000000
18.8000 0.000000
18.9000 0.000000
19.0000 0.000000
19.1000 0.000000
19.2000 0.000000
19.3000 0.000000
19.4000 0.000000
19.5000 0.000000
19.6000 0.000000
19.7000 0.000000
19.8000 1656148.802595
19.9000 0.000000
20.0000 0.000000
20.1000 0.000000
20.2000 0.000000
20.3000 0.000000
20.4000 0.000000
20.5000 3824207.519304
20.6000 0.000000
20.7000 0.000000
20.8000 0.000000
20.9000 0.000000
21.0000 0.000000
21.1000 0.000000
21.2000 0.000000
21.3000 0.000000
21.4000 0.000000
21.5000 0.000000
21.6000 0.000000
21.7000 0.000000
21.8000 0.000000
21.9000 0.000000
22.0000 0.000000
22.1000 0.000000
22.2000 0.000000
22.3000 0.000000
22.4000 0.000000
22.5000 0.000000
22.6000 0.000000
22.7000 0.000000
22.8000 6543549.255353
22.9000 0.000000
23.0000 0.000000
23.1000 0.000000
23.2000 0.000000
23.3000 0.000000
23.4000 1382221.276171
23.5000 0.000000
23.6000 0.000000
23.7000 0.000000
23.8000 0.000000
23.9000 0.000000
24.0000 0.000000
24.1000 0.000000
24.2000 0.000000
24.3000 0.000000
24.4000 0.000000
24.5000 0.000000
24.6000 0.000000
24.7000 0.000000
24.8000 0.000000
24.9000 3481660.852535
25.0000 0.000000
25.1000 0.000000
25.2000 0.000000
25.3000 0.000000
25.4000 0.000000
25.5000 0.000000
25.6000 0.000000
25.7000 0.000000
25.8000 11681769.611015
25.9000 0.000000
26.0000 0.000000
26.1000 0.000000
26.2000 0.000000
26.3000 0.000000
26.4000 0.000000
26.5000 0.000000
26.6000 0.000000
26.7000 0.000000
26.8000 8139546.051914
26.9000 0.000000
27.0000 0.000000
27.1000 0.000000
27.2000 0.000000
27.3000 0.000000
27.4000 0.000000
27.5000 0.000000
27.6000 0.000000
27.7000 0.000000
27.8000 0.000000
27.9000 0.000000
28.0000 0.000000
28.1000 0.000000
28.2000 0.000000
28.3000 0.000000
28.4000 0.000000
28.5000 0.000000
28.6000 0.000000
28.7000 14116750.929892
28.8000 0.000000
28.9000 0.000000
29.0000 0.000000
29.1000 0.000000
29.2000 0.000000
29.3000 0.000000
29.4000 0.000000
29.5000 0.000000
29.6000 0.000000
29.7000 0.000000
29.8000 0.000000
29.9000 0.000000
30.0000 0.000000
30.1000 0.000000
30.2000 0.000000
30.3000 0.000000
30.4000 0.000000
30.5000 0.000000
30.6000 0.000000
30.7000 0.000000
30.8000 0.000000
30.9000 0.000000
31.0000 0.000000
31.1000 0.000000
31.2000 0.000000
31.3000 0.000000
31.4000 0.000000
31.5000 6380406.960170
31.6000 0.000000
31.7000 0.000000
31.8000 0.000000
31.9000 0.000000
32.0000 2717.714037
32.1000 0.000000
32.2000 0.000000
32.3000 0.000000
32.4000 0.000000
32.5000 1155407.505347
32.6000 0.000000
32.7000 0.000000
32.8000 6047810.843933
32.9000 0.000000
33.0000 0.000000
33.1000 0.000000
33.2000 0.000000
33.3000 0.000000
33.4000 0.000000
33.5000 0.000000
33.6000 0.000000
33.7000 0.000000
33.8000 0.000000
33.9000 0.000000
34.0000 0.000000
34.1000 0.000000
34.2000 0.000000
34.3000 0.000000
34.4000 0.000000
34.5000 0.000000
34.6000 0.000000
34.7000 0.000000
34.8000 0.000000
34.9000 0.000000
35.0000 0.000000
35.1000 0.000000
35.2000 0.000000
35.3000 0.000000
35.4000 0.000000
35.5000 0.000000
35.6000 0.000000
35.7000 0.000000
35.8000 0.000000
35.9000 0.000000
36.0000 0.000000
36.1000 1577130.962962
36.2000 0.000000
36.3000 0.000000
36.4000 0.000000
36.5000 0.000000
36.6000 275106.253102
36.7000 76399.983086
36.8000 0.000000
36.9000 0.000000
37.0000 0.000000
37.1000 0.000000
37.2000 0.000000
37.3000 0.000000
37.4000 0.000000
37.5000 0.000000
37.6000 0.000000
37.7000 0.000000
37.8000 0.000000
37.9000 0.000000
38.0000 0.000000
38.1000 0.000000
38.2000 0.000000
38.3000 0.000000
38.4000 0.000000
38.5000 0.000000
38.6000 0.000000
38.7000 2114301.673534
38.8000 0.000000
38.9000 0.000000
39.0000 0.000000
39.1000 569501.067513
39.2000 0.000000
39.3000 1062723.146074
39.4000 0.000000
39.5000 0.000000
39.6000 0.000000
39.7000 0.000000
39.8000 0.000000
39.9000 0.000000
40.0000 0.000000
40.1000 0.000000
40.2000 0.000000
40.3000 77478.579999
40.4000 0.000000
40.5000 0.000000
40.6000 0.000000
40.7000 0.000000
40.8000 3618319.393237
40.9000 0.000000
41.0000 0.000000
41.1000 0.000000
41.2000 0.000000
41.3000 28032.634394
41.4000 0.000000
41.5000 0.000000
41.6000 0.000000
41.7000 388708.419173
41.8000 0.000000
41.9000 0.000000
42.0000 0.000000
42.1000 0.000000
42.2000 0.000000
42.3000 5169464.001809
42.4000 0.000000
42.5000 0.000000
42.6000 6692974.339165
42.7000 0.000000
42.8000 5261237.666625
42.9000 6415887.894301
43.0000 256266.202060
43.1000 0.000000
43.2000 0.000000
43.3000 0.000000
43.4000 0.000000
43.5000 0.000000
43.6000 0.000000
43.7000 2719814.330752
43.8000 0.000000
43.9000 0.000000
44.0000 0.000000
44.1000 0.000000
44.2000 0.000000
44.3000 0.000000
44.4000 0.000000
44.5000 0.000000
44.6000 0.000000
44.7000 0.000000
44.8000 0.000000
44.9000 0.000000
45.0000 0.000000
45.1000 0.000000
45.2000 0.000000
45.3000 0.000000
45.4000 0.000000
45.5000 0.000000
45.6000 6589.765384
45.7000 0.000000
45.8000 0.000000
45.9000 0.000000
46.0000 0.000000
46.1000 0.000000
46.2000 126.331021
46.3000 0.000000
46.4000 0.000000
46.5000 212106.111754
46.6000 0.000000
46.7000 0.000000
46.8000 0.000000
46.9000 994322.764776
47.0000 0.000000
47.1000 0.000000
47.2000 0.000000
47.3000 0.000000
47.4000 0.000000
47.5000 0.000000
47.6000 0.000000
47.7000 0.000000
47.8000 0.000000
47.9000 0.000000
48.0000 543.092565
48.1000 0.000000
48.2000 0.000000
48.3000 0.000000
48.4000 0.000000
48.5000 0.000000
48.6000 0.000000
48.7000 0.000000
48.8000 0.000000
48.9000 2649307.487891
49.0000 0.000000
49.1000 0.000000
49.2000 0.000000
49.3000 0.000000
49.4000 0.000000
49.5000 0.000000
49.6000 0.000000
49.7000 0.000000
49.8000 0.000000
49.9000 0.000000
50.0000 0.000000
50.1000 0.000000
50.2000 0.826326
50.3000 0.000000
50.4000 0.000000
50.5000 0.000000
50.6000 0.000000
50.7000 0.000000
50.8000 0.000000
50.9000 0.000000
51.0000 56885.513771
51.1000 497272.669937
51.2000 0.000000
51.3000 0.000000
51.4000 0.000000
51.5000 0.000000
51.6000 0.000000
51.7000 0.000000
51.8000 0.000000
51.9000 1646004.864625
52.0000 126.202928
52.1000 122914.095526
52.2000 711446.676725
52.3000 0.000000
52.4000 0.000000
52.5000 0.000000
52.6000 0.000000
52.7000 419373.307718
52.8000 0.000000
52.9000 2220.542551
53.0000 610639.588771
53.1000 0.000000
53.2000 0.000000
53.3000 0.000000
53.4000 0.000000
53.5000 0.000000
53.6000 0.000000
53.7000 0.000000
53.8000 0.000000
53.9000 0.000000
54.0000 0.000000
54.1000 0.000000
54.2000 0.000000
54.3000 0.000000
54.4000 0.000000
54.5000 969429.115467
54.6000 2248952.656031
54.7000 0.000000
54.8000 0.000000
54.9000 0.000000
55.0000 547181.221884
55.1000 45615.820006
55.2000 0.000000
55.3000 297395.610155
55.4000 0.000000
55.5000 131026.491406
55.6000 0.000000
55.7000 0.000000
55.8000 0.000000
55.9000 0.000000
56.0000 0.000000
56.1000 1532909.450855
56.2000 0.000000
56.3000 0.000000
56.4000 45968.412343
56.5000 0.000000
56.6000 0.000000
56.7000 0.000000
56.8000 0.000000
56.9000 0.000000
57.0000 0.000000
57.1000 0.000000
57.2000 0.000000
57.3000 0.000000
57.4000 0.000000
57.5000 0.000000
57.6000 195669.012639
57.7000 0.000000
57.8000 1355691.996148
57.9000 0.000000
58.0000 0.000000
58.1000 303950.997979
58.2000 0.000000
58.3000 0.000000
58.4000 0.000000
58.5000 0.000000
58.6000 0.000000
58.7000 0.000000
58.8000 0.000000
58.9000 0.000000
59.0000 0.000000
59.1000 27461.449042
59.2000 0.000000
59.3000 30921.464150
59.4000 0.000000
59.5000 0.000000
59.6000 0.000000
59.7000 0.000000
59.8000 0.000000
59.9000 0.000000
60.0000 0.000000
60.1000 0.000000
60.2000 4549239.979890
60.3000 76687.255037
60.4000 0.000000
60.5000 0.000000
60.6000 0.000000
60.7000 0.000000
60.8000 186750.255999
60.9000 0.000000
61.0000 0.000000
61.1000 135566.138874
61.2000 0.000000
61.3000 0.000000
61.4000 0.000000
61.5000 0.000000
61.6000 0.000000
61.7000 0.000000
61.8000 0.000000
61.9000 0.000000
62.0000 0.000000
62.1000 583164.519239
62.2000 103299.542840
62.3000 0.000000
62.4000 0.000000
62.5000 0.000000
62.6000 0.000000
62.7000 0.000000
62.8000 0.000000
62.9000 544070.117640
63.0000 1379321.822245
63.1000 0.000000
63.2000 0.000000
63.3000 0.000000
63.4000 0.000000
63.5000 710261.496522
63.6000 0.000000
63.7000 101381.837840
63.8000 0.000000
63.9000 0.000000
64.0000 0.000000
64.1000 0.000000
64.2000 0.000000
64.3000 0.000000
64.4000 0.000000
64.5000 2057.510020
64.6000 0.000000
64.7000 0.000000
64.8000 947924.611760
64.9000 0.000000
65.0000 0.000000
65.1000 0.000000
65.2000 833936.843910
65.3000 0.000000
65.4000 1534786.038190
65.5000 0.000000
65.6000 1362336.627534
65.7000 0.000000
65.8000 0.000000
65.9000 335984.369006
66.0000 0.000000
66.1000 14909.127344
66.2000 1019085.535728
66.3000 1177362.289901
66.4000 0.000000
66.5000 0.000000
66.6000 0.000000
66.7000 0.000000
66.8000 45.682947
66.9000 0.000000
67.0000 3812.580913
67.1000 0.000000
67.2000 0.000000
67.3000 0.000000
67.4000 0.000000
67.5000 0.000000
67.6000 0.000000
67.7000 1463624.250800
67.8000 0.000000
67.9000 59604.480368
68.0000 0.000000
68.1000 134.416192
68.2000 2843.996096
68.3000 0.000000
68.4000 0.000000
68.5000 0.000000
68.6000 33056.143170
68.7000 0.000000
68.8000 0.000000
68.9000 1452037.354040
69.0000 0.000000
69.1000 0.000000
69.2000 0.000000
69.3000 0.000000
69.4000 0.000000
69.5000 834322.692968
69.6000 0.000000
69.7000 0.000000
69.8000 0.000000
69.9000 0.000000
70.0000 0.000000
70.1000 0.000000
70.2000 0.000000
70.3000 0.000000
70.4000 21903.996379
70.5000 281640.174014
70.6000 0.000000
70.7000 0.000000
70.8000 0.000000
70.9000 0.000000
71.0000 0.000000
71.1000 0.000000
71.2000 7969.424102
71.3000 982545.739403
71.4000 0.000000
71.5000 0.000000
71.6000 0.000000
71.7000 0.000000
71.8000 0.000000
71.9000 88305.210643
72.0000 0.000000
72.1000 0.000000
72.2000 447066.079576
72.3000 0.000000
72.4000 0.000000
72.5000 164546.319184
72.6000 0.000000
72.7000 528338.841248
72.8000 0.000000
72.9000 0.000000
73.0000 0.000000
73.1000 0.000000
73.2000 0.000000
73.3000 0.000000
73.4000 87342.216769
73.5000 0.000000
73.6000 232389.995479
73.7000 0.000000
73.8000 0.000000
73.9000 228434.945445
74.0000 0.000000
74.1000 0.000000
74.2000 0.000000
74.3000 0.000000
74.4000 0.000000
74.5000 234484.759200
74.6000 0.000000
74.7000 0.000000
74.8000 0.000000
74.9000 1748394.865044
75.0000 0.000000
75.1000 29707.862501
75.2000 0.000000
75.3000 398439.584163
75.4000 960370.240693
75.5000 22693.773309
75.6000 0.000000
75.7000 0.000000
75.8000 273153.235561
75.9000 0.000000
76.0000 0.000000
76.1000 0.000000
76.2000 0.000000
76.3000 0.000000
76.4000 0.000000
76.5000 0.000000
76.6000 5849.198268
76.7000 0.000000
76.8000 0.000000
76.9000 0.000000
77.0000 0.000000
77.1000 0.000000
77.2000 0.000000
77.3000 0.000000
77.4000 512098.804478
77.5000 1685.200031
77.6000 0.000000
77.7000 83962.680146
77.8000 0.000000
77.9000 271631.009383
78.0000 6483.139633
78.1000 0.000000
78.2000 233706.353804
78.3000 0.000000
78.4000 0.000000
78.5000 753927.189670
78.6000 0.000000
78.7000 0.000000
78.8000 13808.044159
78.9000 0.000000
79.0000 0.000000
79.1000 0.000000
79.2000 0.000000
79.3000 0.000000
79.4000 0.000000
79.5000 737771.863112
79.6000 691513.411780
79.7000 0.000000
79.8000 561738.273790
79.9000 0.000000
80.0000 0.000000
80.1000 0.000000
80.2000 0.000000
80.3000 0.000000
80.4000 0.000000
80.5000 0.000000
80.6000 380740.634479
80.7000 0.000000
80.8000 0.000000
80.9000 0.000000
81.0000 0.000000
81.1000 0.000000
81.2000 0.000000
81.3000 0.000000
81.4000 11440.337783
81.5000 0.000000
81.6000 0.000000
81.7000 0.000000
81.8000 729.078218
81.9000 218133.830621
82.0000 0.000000
82.1000 0.000000
82.2000 327603.454488
82.3000 141949.159647
82.4000 0.000000
82.5000 0.000000
82.6000 0.000000
82.7000 0.000000
82.8000 165059.124462
82.9000 6324.209939
83.0000 0.000000
83.1000 0.000000
83.2000 0.000000
83.3000 0.000000
83.4000 0.000000
83.5000 0.000000
83.6000 0.000000
83.7000 113.087490
83.8000 0.000000
83.9000 430133.664230
84.0000 129111.749227
84.1000 0.000000
84.2000 0.000000
84.3000 1211223.394718
84.4000 25521.254701
84.5000 0.000000
84.6000 77148.105175
84.7000 48479.033409
84.8000 4339.140772
84.9000 0.000000
85.0000 0.000000
85.1000 0.000000
85.2000 426947.438633
85.3000 0.000000
85.4000 0.000000
85.5000 0.000000
85.6000 0.000000
85.7000 0.000000
85.8000 0.000000
85.9000 0.000000
86.0000 0.000000
86.1000 0.000000
86.2000 0.000000
86.3000 674092.659748
86.4000 0.000000
86.5000 470910.564821
86.6000 451246.072977
86.7000 0.000000
86.8000 0.000000
86.9000 208132.463096
87.0000 0.000000
87.1000 466074.655011
87.2000 4755.599839
87.3000 0.000000
87.4000 6724.685745
87.5000 0.000000
87.6000 0.000000
87.7000 0.000000
87.8000 0.000000
87.9000 0.000000
88.0000 0.000000
88.1000 0.000000
88.2000 449983.982973
88.3000 21100.900857
88.4000 210.456198
88.5000 0.000000
88.6000 581697.003231
88.7000 978599.090732
88.8000 1003403.469036
88.9000 0.000000
89.0000 1008175.671758
89.1000 0.000000
89.2000 142266.240510
89.3000 0.000000
89.4000 23554.722313
89.5000 87294.740508
89.6000 0.000000
89.7000 0.000000
89.8000 417695.462458
89.9000 0.000000
90.0000 0.000000
0.0000 0.000000
0.1000 0.000000
0.2000 0.000000
0.3000 0.000000
0.4000 0.000000
0.5000 0.000000
0.6000 0.000000
0.7000 0.000000
0.8000 0.000000
0.9000 0.000000
1.0000 0.000000
1.1000 0.000000
1.2000 0.000000
1.3000 0.000000
1.4000 0.000000
1.5000 0.000000
1.6000 0.000000
1.7000 0.000000
1.8000 0.000000
1.9000 0.000000
2.0000 0.000000
2.1000 0.000000
2.2000 0.000000
2.3000 0.000000
2.4000 0.000000
2.5000 0.000000
2.6000 0.000000
2.7000 0.000000
2.8000 0.000000
2.9000 0.000000
3.0000 0.000000
3.1000 0.000000
3.2000 0.000000
3.3000 0.000000
3.4000 0.000000
3.5000 0.000000
3.6000 0.000000
3.7000 0.000000
3.8000 0.000000
3.9000 0.000000
4.0000 0.000000
4.1000 0.000000
4.2000 0.000000
4.3000 0.000000
4.4000 0.000000
4.5000 0.000000
4.6000 0.000000
4.7000 0.000000
4.8000 0.000000
4.9000 0.000000
5.0000 0.000000
5.1000 0.000000
5.2000 0.000000
5.3000 0.000000
5.4000 0.000000
5.5000 0.000000
5.6000 0.000000
5.7000 0.000000
5.8000 0.000000
5.9000 0.000000
6.0000 0.000000
6.1000 0.000000
6.2000 0.000000
6.3000 0.000000
6.4000 0.000000
6.5000 0.000000
6.6000 0.000000
6.7000 0.000000
6.8000 0.000000
6.9000 0.000000
7.0000 0.000000
7.1000 0.000000
7.2000 0.000000
7.3000 0.000000
7.4000 0.000000
7.5000 0.000000
7.6000 0.000000
7.7000 0.000000
7.8000 0.000000
7.9000 0.000000
8.0000 0.000000
8.1000 0.000000
8.2000 0.000000
8.3000 0.000000
8.4000 0.000000
8.5000 0.000000
8.6000 0.000000
8.7000 0.000000
8.8000 0.000000
8.9000 0.000000
9.0000 0.000000
9.1000 0.000000
9.2000 0.000000
9.3000 0.000000
9.4000 0.000000
9.5000 0.000000
9.6000 0.000000
9.7000 0.000000
9.8000 0.000000
9.9000 0.000000
10.0000 0.000000
10.1000 0.000000
10.2000 0.000000
10.3000 0.000000
10.4000 0.000000
10.5000 0.000000
10.6000 0.000000
10.7000 0.000000
10.8000 0.000000
10.9000 0.000000
11.0000 0.000000
11.1000 0.000000
11.2000 0.000000
11.3000 0.000000
11.4000 0.000000
11.5000 0.000000
11.6000 0.000000
11.7000 0.000000
11.8000 0.000000
11.9000 0.000000
12.0000 0.000000
12.1000 0.000000
12.2000 0.000000
12.3000 0.000000
12.4000 0.000000
12.5000 0.000000
12.6000 0.000000
12.7000 0.000000
12.8000 0.000000
12.9000 0.000000
13.0000 0.000000
13.1000 0.000000
13.2000 0.000000
13.3000 0.000000
13.4000 0.000000
13.5000 0.000000
13.6000 0.000000
13.7000 0.000000
13.8000 0.000000
13.9000 0.000000
14.0000 0.000000
14.1000 0.000000
14.2000 0.000000
14.3000 0.000000
14.4000 0.000000
14.5000 0.000000
14.6000 0.000000
14.7000 0.000000
14.8000 0.000000
14.9000 0.000000
15.0000 0.000000
15.1000 0.000000
15.2000 0.000000
15.3000 0.000000
15.4000 0.000000
15.5000 0.000000
15.6000 0.000000
15.7000 0.000000
15.8000 0.000000
15.9000 133475.262659
16.0000 0.000000
16.1000 0.000000
16.2000 0.000000
16.3000 0.000000
16.4000 0.000000
16.5000 0.000000
16.6000 0.000000
16.7000 0.000000
16.8000 0.000000
16.9000 0.000000
17.0000 0.000000
17.1000 0.000000
17.2000 0.000000
17.3000 0.000000
17.4000 0.000000
17.5000 0.000000
17.6000 0.000000
17.7000 0.000000
17.8000 0.000000
17.9000 0.000000
18.0000 0.000000
18.1000 0.000000
18.2000 0.000000
18.3000 0.000000
18.4000 0.000000
18.5000 0.000000
18.6000 0.000000
18.7000 0.000000
18.8000 0.000000
18.9000 0.000000
19.0000 0.000000
19.1000 0.000000
19.2000 0.000000
19.3000 0.000000
19.4000 0.000000
19.5000 0.000000
19.6000 0.000000
19.7000 0.000000
19.8000 1656148.802595
19.9000 0.000000
20.0000 0.000000
20.1000 0.000000
20.2000 0.000000
20.3000 0.000000
20.4000 0.000000
20.5000 3824207.519304
20.6000 0.000000
20.7000 0.000000
20.8000 0.000000
20.9000 0.000000
21.0000 0.000000
21.1000 0.000000
21.2000 0.000000
21.3000 0.000000
21.4000 0.000000
21.5000 0.000000
21.6000 0.000000
21.7000 0.000000
21.8000 0.000000
21.9000 0.000000
22.0000 0.000000
22.1000 0.000000
22.2000 0.000000
22.3000 0.000000
22.4000 0.000000
22.5000 0.000000
22.6000 0.000000
22.7000 0.000000
22.8000 6543549.255353
22.9000 0.000000
23.0000 0.000000
23.1000 0.000000
23.2000 0.000000
23.3000 0.000000
23.4000 1382221.276171
23.5000 0.000000
23.6000 0.000000
23.7000 0.000000
23.8000 0.000000
23.9000 0.000000
24.0000 0.000000
24.1000 0.000000
24.2000 0.000000
24.3000 0.000000
24.4000 0.000000
24.5000 0.000000
24.6000 0.000000
24.7000 0.000000
24.8000 0.000000
24.9000 3481660.852535
25.0000 0.000000
25.1000 0.000000
25.2000 0.000000
25.3000 0.000000
25.4000 0.000000
25.5000 0.000000
25.6000 0.000000
25.7000 0.000000
25.8000 11681769.611015
25.9000 0.000000
26.0000 0.000000
26.1000 0.000000
26.2000 0.000000
26.3000 0.000000
26.4000 0.000000
26.5000 0.000000
26.6000 0.000000
26.7000 0.000000
26.8000 8139546.051914
26.9000 0.000000
27.0000 0.000000
27.1000 0.000000
27.2000 0.000000
27.3000 0.000000
27.4000 0.000000
27.5000 0.000000
27.6000 0.000000
27.7000 0.000000
27.8000 0.000000
27.9000 0.000000
28.0000 0.000000
28.1000 0.000000
28.2000 0.000000
28.3000 0.000000
28.4000 0.000000
28.5000 0.000000
28.6000 0.000000
28.7000 14116750.929892
28.8000 0.000000
28.9000 0.000000
29.0000 0.000000
29.1000 0.000000
29.2000 0.000000
29.3000 0.000000
29.4000 0.000000
29.5000 0.000000
29.6000 0.000000
29.7000 0.000000
29.8000 0.000000
29.9000 0.000000
30.0000 0.000000
30.1000 0.000000
30.2000 0.000000
30.3000 0.000000
30.4000 0.000000
30.5000 0.000000
30.6000 0.000000
30.7000 0.000000
30.8000 0.000000
30.9000 0.000000
31.0000 0.000000
31.1000 0.000000
31.2000 0.000000
31.3000 0.000000
31.4000 0.000000
31.5000 6380406.960170
31.6000 0.000000
31.7000 0.000000
31.8000 0.000000
31.9000 0.000000
32.0000 2717.714037
32.1000 0.000000
32.2000 0.000000
32.3000 0.000000
32.4000 0.000000
32.5000 1155407.505347
32.6000 0.000000
32.7000 0.000000
32.8000 6047810.843933
32.9000 0.000000
33.0000 0.000000
33.1000 0.000000
33.2000 0.000000
33.3000 0.000000
33.4000 0.000000
33.5000 0.000000
33.6000 0.000000
33.7000 0.000000
33.8000 0.000000
33.9000 0.000000
34.0000 0.000000
34.1000 0.000000
34.2000 0.000000
34.3000 0.000000
34.4000 0.000000
34.5000 0.000000
34.6000 0.000000
34.7000 0.000000
34.8000 0.000000
34.9000 0.000000
35.0000 0.000000
35.1000 0.000000
35.2000 0.000000
35.3000 0.000000
35.4000 0.000000
35.5000 0.000000
35.6000 0.000000
35.7000 0.000000
35.8000 0.000000
35.9000 0.000000
36.0000 0.000000
36.1000 1577130.962962
36.2000 0.000000
36.3000 0.000000
36.4000 0.000000
36.5000 0.000000
36.6000 275106.253102
36.7000 76399.983086
36.8000 0.000000
36.9000 0.000000
37.0000 0.000000
37.1000 0.000000
37.2000 0.000000
37.3000 0.000000
37.4000 0.000000
37.5000 0.000000
37.6000 0.000000
37.7000 0.000000
37.8000 0.000000
37.9000 0.000000
38.0000 0.000000
38.1000 0.000000
38.2000 0.000000
38.3000 0.000000
38.4000 0.000000
38.5000 0.000000
38.6000 0.000000
38.7000 2114301.673534
38.8000 0.000000
38.9000 0.000000
39.0000 0.000000
39.1000 569501.067513
39.2000 0.000000
39.3000 1062723.146074
39.4000 0.000000
39.5000 0.000000
39.6000 0.000000
39.7000 0.000000
39.8000 0.000000
39.9000 0.000000
40.0000 0.000000
40.1000 0.000000
40.2000 0.000000
40.3000 77478.579999
40.4000 0.000000
40.5000 0.000000
40.6000 0.000000
40.7000 0.000000
40.8000 3618319.393237
40.9000 0.000000
41.0000 0.000000
41.1000 0.000000
41.2000 0.000000
41.3000 28032.634394
41.4000 0.000000
41.5000 0.000000
41.6000 0.000000
41.7000 388708.419173
41.8000 0.000000
41.9000 0.000000
42.0000 0.000000
42.1000 0.000000
42.2000 0.000000
42.3000 5169464.001809
42.4000 0.000000
42.5000 0.000000
42.6000 6692974.339165
42.7000 0.000000
42.8000 5261237.666625
42.9000 6415887.894301
43.0000 256266.202060
43.1000 0.000000
43.2000 0.000000
43.3000 0.000000
43.4000 0.000000
43.5000 0.000000
43.6000 0.000000
43.7000 2719814.330752
43.8000 0.000000
43.9000 0.000000
44.0000 0.000000
44.1000 0.000000
44.2000 0.000000
44.3000 0.000000
44.4000 0.000000
44.5000 0.000000
44.6000 0.000000
44.7000 0.000000
44.8000 0.000000
44.9000 0.000000
45.0000 0.000000
45.1000 0.000000
45.2000 0.000000
45.3000 0.000000
45.4000 0.000000
45.5000 0.000000
45.6000 6589.765384
45.7000 0.000000
45.8000 0.000000
45.9000 0.000000
46.0000 0.000000
46.1000 0.000000
46.2000 126.331021
46.3000 0.000000
46.4000 0.000000
46.5000 212106.111754
46.6000 0.000000
46.7000 0.000000
46.8000 0.000000
46.9000 994322.764776
47.0000 0.000000
47.1000 0.000000
47.2000 0.000000
47.3000 0.000000
47.4000 0.000000
47.5000 0.000000
47.6000 0.000000
47.7000 0.000000
47.8000 0.000000
47.9000 0.000000
48.0000 543.092565
48.1000 0.000000
48.2000 0.000000
48.3000 0.000000
48.4000 0.000000
48.5000 0.000000
48.6000 0.000000
48.7000 0.000000
48.8000 0.000000
48.9000 2649307.487891
49.0000 0.000000
49.1000 0.000000
49.2000 0.000000
49.3000 0.000000
49.4000 0.000000
49.5000 0.000000
49.6000 0.000000
49.7000 0.000000
49.8000 0.000000
49.9000 0.000000
50.0000 0.000000
50.1000 0.000000
50.2000 0.826326
50.3000 0.000000
50.4000 0.000000
50.5000 0.000000
50.6000 0.000000
50.7000 0.000000
50.8000 0.000000
50.9000 0.000000
51.0000 56885.513771
51.1000 497272.669937
51.2000 0.000000
51.3000 0.000000
51.4000 0.000000
51.5000 0.000000
51.6000 0.000000
51.7000 0.000000
51.8000 0.000000
51.9000 1646004.864625
52.0000 126.202928
52.1000 122914.095526
52.2000 711446.676725
52.3000 0.000000
52.4000 0.000000
52.5000 0.000000
52.6000 0.000000
52.7000 419373.307718
52.8000 0.000000
52.9000 2220.542551
53.0000 610639.588771
53.1000 0.000000
53.2000 0.000000
53.3000 0.000000
53.4000 0.000000
53.5000 0.000000
53.6000 0.000000
53.7000 0.000000
53.8000 0.000000
53.9000 0.000000
54.0000 0.000000
54.1000 0.000000
54.2000 0.000000
54.3000 0.000000
54.4000 0.000000
54.5000 969429.115467
54.6000 2248952.656031
54.7000 0.000000
54.8000 0.000000
54.9000 0.000000
55.0000 547181.221884
55.1000 45615.820006
55.2000 0.000000
55.3000 297395.610155
55.4000 0.000000
55.5000 131026.491406
55.6000 0.000000
55.7000 0.000000
55.8000 0.000000
55.9000 0.000000
56.0000 0.000000
56.1000 1532909.450855
56.2000 0.000000
56.3000 0.000000
56.4000 45968.412343
56.5000 0.000000
56.6000 0.000000
56.7000 0.000000
56.8000 0.000000
56.9000 0.000000
57.0000 0.000000
57.1000 0.000000
57.2000 0.000000
57.3000 0.000000
57.4000 0.000000
57.5000 0.000000
57.6000 195669.012639
57.7000 0.000000
57.8000 1355691.996148
57.9000 0.000000
58.0000 0.000000
58.1000 303950.997979
58.2000 0.000000
58.3000 0.000000
58.4000 0.000000
58.5000 0.000000
58.6000 0.000000
58.7000 0.000000
58.8000 0.000000
58.9000 0.000000
59.0000 0.000000
59.1000 27461.449042
59.2000 0.000000
59.3000 30921.464150
59.4000 0.000000
59.5000 0.000000
59.6000 0.000000
59.7000 0.000000
59.8000 0.000000
59.9000 0.000000
60.0000 0.000000
60.1000 0.000000
60.2000 4549239.979890
60.3000 76687.255037
60.4000 0.000000
60.5000 0.000000
60.6000 0.000000
60.7000 0.000000
60.8000 186750.255999
60.9000 0.000000
61.0000 0.000000
61.1000 135566.138874
61.2000 0.000000
61.3000 0.000000
61.4000 0.000000
61.5000 0.000000
61.6000 0.000000
61.7000 0.000000
61.8000 0.000000
61.9000 0.000000
62.0000 0.000000
62.1000 583164.519239
62.2000 103299.542840
62.3000 0.000000
62.4000 0.000000
62.5000 0.000000
62.6000 0.000000
62.7000 0.000000
62.8000 0.000000
62.9000 544070.117640
63.0000 1379321.822245
63.1000 0.000000
63.2000 0.000000
63.3000 0.000000
63.4000 0.000000
63.5000 710261.496522
63.6000 0.000000
63.7000 101381.837840
63.8000 0.000000
63.9000 0.000000
64.0000 0.000000
64.1000 0.000000
64.2000 0.000000
64.3000 0.000000
64.4000 0.000000
64.5000 2057.510020
64.6000 0.000000
64.7000 0.000000
64.8000 947924.611760
64.9000 0.000000
65.0000 0.000000
65.1000 0.000000
65.2000 833936.843910
65.3000 0.000000
65.4000 1534786.038190
65.5000 0.000000
65.6000 1362336.627534
65.7000 0.000000
65.8000 0.000000
65.9000 335984.369006
66.0000 0.000000
66.1000 14909.127344
66.2000 1019085.535728
66.3000 1177362.289901
66.4000 0.000000
66.5000 0.000000
66.6000 0.000000
66.7000 0.000000
66.8000 45.682947
66.9000 0.000000
67.0000 3812.580913
67.1000 0.000000
67.2000 0.000000
67.3000 0.000000
67.4000 0.000000
67.5000 0.000000
67.6000 0.000000
67.7000 1463624.250800
67.8000 0.000000
67.9000 59604.480368
68.0000 0.000000
68.1000 134.416192
68.2000 2843.996096
68.3000 0.000000
68.4000 0.000000
68.5000 0.000000
68.6000 33056.143170
68.7000 0.000000
68.8000 0.000000
68.9000 1452037.354040
69.0000 0.000000
69.1000 0.000000
69.2000 0.000000
69.3000 0.000000
69.4000 0.000000
69.5000 834322.692968
69.6000 0.000000
69.7000 0.000000
69.8000 0.000000
69.9000 0.000000
70.0000 0.000000
70.1000 0.000000
70.2000 0.000000
70.3000 0.000000
70.4000 21903.996379
70.5000 281640.174014
70.6000 0.000000
70.7000 0.000000
70.8000 0.000000
70.9000 0.000000
71.0000 0.000000
71.1000 0.000000
71.2000 7969.424102
71.3000 982545.739403
71.4000 0.000000
71.5000 0.000000
71.6000 0.000000
71.7000 0.000000
71.8000 0.000000
71.9000 88305.210643
72.0000 0.000000
72.1000 0.000000
72.2000 447066.079576
72.3000 0.000000
72.4000 0.000000
72.5000 164546.319184
72.6000 0.000000
72.7000 528338.841248
72.8000 0.000000
72.9000 0.000000
73.0000 0.000000
73.1000 0.000000
73.2000 0.000000
73.3000 0.000000
73.4000 87342.216769
73.5000 0.000000
73.6000 232389.995479
73.7000 0.000000
73.8000 0.000000
73.9000 228434.945445
74.0000 0.000000
74.1000 0.000000
74.2000 0.000000
74.3000 0.000000
74.4000 0.000000
74.5000 234484.759200
74.6000 0.000000
74.7000 0.000000
74.8000 0.000000
74.9000 1748394.865044
75.0000 0.000000
75.1000 29707.862501
75.2000 0.000000
75.3000 398439.584163
75.4000 960370.240693
75.5000 22693.773309
75.6000 0.000000
75.7000 0.000000
75.8000 273153.235561
75.9000 0.000000
76.0000 0.000000
76.1000 0.000000
76.2000 0.000000
76.3000 0.000000
76.4000 0.000000
76.5000 0.000000
76.6000 5849.198268
76.7000 0.000000
76.8000 0.000000
76.9000 0.000000
77.0000 0.000000
77.1000 0.000000
77.2000 0.000000
77.3000 0.000000
77.4000 512098.804478
77.5000 1685.200031
77.6000 0.000000
77.7000 83962.680146
77.8000 0.000000
77.9000 271631.009383
78.0000 6483.139633
78.1000 0.000000
78.2000 233706.353804
78.3000 0.000000
78.4000 0.000000
78.5000 753927.189670
78.6000 0.000000
78.7000 0.000000
78.8000 13808.044159
78.9000 0.000000
79.0000 0.000000
79.1000 0.000000
79.2000 0.000000
79.3000 0.000000
79.4000 0.000000
79.5000 737771.863112
79.6000 691513.411780
79.7000 0.000000
79.8000 561738.273790
79.9000 0.000000
80.0000 0.000000
80.1000 0.000000
80.2000 0.000000
80.3000 0.000000
80.4000 0.000000
80.5000 0.000000
80.6000 380740.634479
80.7000 0.000000
80.8000 0.000000
80.9000 0.000000
81.0000 0.000000
81.1000 0.000000
81.2000 0.000000
81.3000 0.000000
81.4000 11440.337783
81.5000 0.000000
81.6000 0.000000
81.7000 0.000000
81.8000 729.078218
81.9000 218133.830621
82.0000 0.000000
82.1000 0.000000
82.2000 327603.454488
82.3000 141949.159647
82.4000 0.000000
82.5000 0.000000
82.6000 0.000000
82.7000 0.000000
82.8000 165059.124462
82.9000 6324.209939
83.0000 0.000000
83.1000 0.000000
83.2000 0.000000
83.3000 0.000000
83.4000 0.000000
83.5000 0.000000
83.6000 0.000000
83.7000 113.087490
83.8000 0.000000
83.9000 430133.664230
84.0000 129111.749227
84.1000 0.000000
84.2000 0.000000
84.3000 1211223.394718
84.4000 25521.254701
84.5000 0.000000
84.6000 77148.105175
84.7000 48479.033409
84.8000 4339.140772
84.9000 0.000000
85.0000 0.000000
85.1000 0.000000
85.2000 426947.438633
85.3000 0.000000
85.4000 0.000000
85.5000 0.000000
85.6000 0.000000
85.7000 0.000000
85.8000 0.000000
85.9000 0.000000
86.0000 0.000000
86.1000 0.000000
86.2000 0.000000
86.3000 674092.659748
86.4000 0.000000
86.5000 470910.564821
86.6000 451246.072977
86.7000 0.000000
86.8000 0.000000
86.9000 208132.463096
87.0000 0.000000
87.1000 466074.655011
87.2000 4755.599839
87.3000 0.000000
87.4000 6724.685745
87.5000 0.000000
87.6000 0.000000
87.7000 0.000000
87.8000 0.000000
87.9000 0.000000
88.0000 0.000000
88.1000 0.000000
88.2000 449983.982973
88.3000 21100.900857
88.4000 210.456198
88.5000 0.000000
88.6000 581697.003231
88.7000 978599.090732
88.8000 1003403.469036
88.9000 0.000000
89.0000 1008175.671758
89.1000 0.000000
89.2000 142266.240510
89.3000 0.000000
89.4000 23554.722313
89.5000 87294.740508
89.6000 0.000000
89.7000 0.000000
89.8000 417695.462458
89.9000 0.000000
90.0000 0.000000
0.0000 0.000000
0.1000 0.000000
0.2000 0.000000
0.3000 0.000000
0.4000 0.000000
0.5000 0.000000
0.6000 0.000000
0.7000 0.000000
0.8000 0.000000
0.9000 0.000000
1.0000 0.000000
1.1000 0.000000
1.2000 0.000000
1.3000 0.000000
1.4000 0.000000
1.5000 0.000000
1.6000 0.000000
1.7000 0.000000
1.8000 0.000000
1.9000 0.000000
2.0000 0.000000
2.1000 0.000000
2.2000 0.000000
2.3000 0.000000
2.4000 0.000000
2.5000 0.000000
2.6000 0.000000
2.7000 0.000000
2.8000 0.000000
2.9000 0.000000
3.0000 0.000000
3.1000 0.000000
3.2000 0.000000
3.3000 0.000000
3.4000 0.000000
3.5000 0.000000
3.6000 0.000000
3.7000 0.000000
3.8000 0.000000
3.9000 0.000000
4.0000 0.000000
4.1000 0.000000
4.2000 0.000000
4.3000 0.000000
4.4000 0.000000
4.5000 0.000000
4.6000 0.000000
4.7000 0.000000
4.8000 0.000000
4.9000 0.000000
5.0000 0.000000
5.1000 0.000000
5.2000 0.000000
5.3000 0.000000
5.4000 0.000000
5.5000 0.000000
5.6000 0.000000
5.7000 0.000000
5.8000 0.000000
5.9000 0.000000
6.0000 0.000000
6.1000 0.000000
6.2000 0.000000
6.3000 0.000000
6.4000 0.000000
6.5000 0.000000
6.6000 0.000000
6.7000 0.000000
6.8000 0.000000
6.9000 0.000000
7.0000 0.000000
7.1000 0.000000
7.2000 0.000000
7.3000 0.000000
7.4000 0.000000
7.5000 0.000000
7.6000 0.000000
7.7000 0.000000
7.8000 0.000000
7.9000 0.000000
8.0000 0.000000
8.1000 0.000000
8.2000 0.000000
8.3000 0.000000
8.4000 0.000000
8.5000 0.000000
8.6000 0.000000
8.7000 0.000000
8.8000 0.000000
8.9000 0.000000
9.0000 0.000000
9.1000 0.000000
9.2000 0.000000
9.3000 0.000000
9.4000 0.000000
9.5000 0.000000
9.6000 0.000000
9.7000 0.000000
9.8000 0.000000
9.9000 0.000000
10.0000 0.000000
10.1000 0.000000
10.2000 0.000000
10.3000 0.000000
10.4000 0.000000
10.5000 0.000000
10.6000 0.000000
10.7000 0.000000
10.8000 0.000000
10.9000 0.000000
11.0000 0.000000
11.1000 0.000000
11.2000 0.000000
11.3000 0.000000
11.4000 0.000000
11.5000 0.000000
11.6000 0.000000
11.7000 0.000000
11.8000 0.000000
11.9000 0.000000
12.0000 0.000000
12.1000 0.000000
12.2000 0.000000
12.3000 0.000000
12.4000 0.000000
12.5000 0.000000
12.6000 0.000000
12.7000 0.000000
12.8000 0.000000
12.9000 0.000000
13.0000 0.000000
13.1000 0.000000
13.2000 0.000000
13.3000 0.000000
13.4000 0.000000
13.5000 0.000000
13.6000 0.000000
13.7000 0.000000
13.8000 0.000000
13.9000 0.000000
14.0000 0.000000
14.1000 0.000000
14.2000 0.000000
14.3000 0.000000
14.4000 0.000000
14.5000 0.000000
14.6000 0.000000
14.7000 0.000000
14.8000 0.000000
14.9000 0.000000
15.0000 0.000000
15.1000 0.000000
15.2000 0.000000
15.3000 0.000000
15.4000 0.000000
15.5000 0.000000
15.6000 0.000000
15.7000 0.000000
15.8000 0.000000
15.9000 133475.262659
16.0000 0.000000
16.1000 0.000000
16.2000 0.000000
16.3000 0.000000
16.4000 0.000000
16.5000 0.000000
16.6000 0.000000
16.7000 0.000000
16.8000 0.000000
16.9000 0.000000
17.0000 0.000000
17.1000 0.000000
17.2000 0.000000
17.3000 0.000000
17.4000 0.000000
17.5000 0.000000
17.6000 0.000000
17.7000 0.000000
17.8000 0.000000
17.9000 0.000000
18.0000 0.000000
18.1000 0.000000
18.2000 0.000000
18.3000 0.000000
18.4000 0.000000
18.5000 0.000000
18.6000 0.000000
18.7000 0.000000
18.8000 0.000000
18.9000 0.000000
19.0000 0.000000
19.1000 0.000000
19.2000 0.000000
19.3000 0.000000
19.4000 0.000000
19.5000 0.000000
19.6000 0.000000
19.7000 0.000000
19.8000 1656148.802595
19.9000 0.000000
20.0000 0.000000
20.1000 0.000000
20.2000 0.000000
20.3000 0.000000
20.4000 0.000000
20.5000 3824207.519304
20.6000 0.000000
20.7000 0.000000
20.8000 0.000000
20.9000 0.000000
21.0000 0.000000
21.1000 0.000000
21.2000 0.000000
21.3000 0.000000
21.4000 0.000000
21.5000 0.000000
21.6000 0.000000
21.7000 0.000000
21.8000 0.000000
21.9000 0.000000
22.0000 0.000000
22.1000 0.000000
22.2000 0.000000
22.3000 0.000000
22.4000 0.000000
22.5000 0.000000
22.6000 0.000000
22.7000 0.000000
22.8000 6543549.255353
22.9000 0.000000
23.0000 0.000000
23.1000 0.000000
23.2000 0.000000
23.3000 0.000000
23.4000 1382221.276171
23.5000 0.000000
23.6000 0.000000
23.7000 0.000000
23.8000 0.000000
23.9000 0.000000
24.0000 0.000000
24.1000 0.000000
24.2000 0.000000
24.3000 0.000000
24.4000 0.000000
24.5000 0.000000
24.6000 0.000000
24.7000 0.000000
24.8000 0.000000
24.9000 3481660.852535
25.0000 0.000000
25.1000 0.000000
25.2000 0.000000
25.3000 0.000000
25.4000 0.000000
25.5000 0.000000
25.6000 0.000000
25.7000 0.000000
25.8000 11681769.611015
25.9000 0.000000
26.0000 0.000000
26.1000 0.000000
26.2000 0.000000
26.3000 0.000000
26.4000 0.000000
26.5000 0.000000
26.6000 0.000000
26.7000 0.000000
26.8000 8139546.051914
26.9000 0.000000
27.0000 0.000000
27.1000 0.000000
27.2000 0.000000
27.3000 0.000000
27.4000 0.000000
27.5000 0.000000
27.6000 0.000000
27.7000 0.000000
27.8000 0.000000
27.9000 0.000000
28.0000 0.000000
28.1000 0.000000
28.2000 0.000000
28.3000 0.000000
28.4000 0.000000
28.5000 0.000000
28.6000 0.000000
28.7000 14116750.929892
28.8000 0.000000
28.9000 0.000000
29.0000 0.000000
29.1000 0.000000
29.2000 0.000000
29.3000 0.000000
29.4000 0.000000
29.5000 0.000000
29.6000 0.000000
29.7000 0.000000
29.8000 0.000000
29.9000 0.000000
30.0000 0.000000
30.1000 0.000000
30.2000 0.000000
30.3000 0.000000
30.4000 0.000000
30.5000 0.000000
30.6000 0.000000
30.7000 0.000000
30.8000 0.000000
30.9000 0.000000
31.0000 0.000000
31.1000 0.000000
31.2000 0.000000
31.3000 0.000000
31.4000 0.000000
31.5000 6380406.960170
31.6000 0.000000
31.7000 0.000000
31.8000 0.000000
31.9000 0.000000
32.0000 2717.714037
32.1000 0.000000
32.2000 0.000000
32.3000 0.000000
32.4000 0.000000
32.5000 1155407.505347
32.6000 0.000000
32.7000 0.000000
32.8000 6047810.843933
32.9000 0.000000
33.0000 0.000000
33.1000 0.000000
33.2000 0.000000
33.3000 0.000000
33.4000 0.000000
33.5000 0.000000
33.6000 0.000000
33.7000 0.000000
33.8000 0.000000
33.9000 0.000000
34.0000 0.000000
34.1000 0.000000
34.2000 0.000000
34.3000 0.000000
34.4000 0.000000
34.5000 0.000000
34.6000 0.000000
34.7000 0.000000
34.8000 0.000000
34.9000 0.000000
35.0000 0.000000
35.1000 0.000000
35.2000 0.000000
35.3000 0.000000
35.4000 0.000000
35.5000 0.000000
35.6000 0.000000
35.7000 0.000000
35.8000 0.000000
35.9000 0.000000
36.0000 0.000000
36.1000 1577130.962962
36.2000 0.000000
36.3000 0.000000
36.4000 0.000000
36.5000 0.000000
36.6000 275106.253102
36.7000 76399.983086
36.8000 0.000000
36.9000 0.000000
37.0000 0.000000
37.1000 0.000000
37.2000 0.000000
37.3000 0.000000
37.4000 0.000000
37.5000 0.000000
37.6000 0.000000
37.7000 0.000000
37.8000 0.000000
37.9000 0.000000
38.0000 0.000000
38.1000 0.000000
38.2000 0.000000
38.3000 0.000000
38.4000 0.000000
38.5000 0.000000
38.6000 0.000000
38.7000 2114301.673534
38.8000 0.000000
38.9000 0.000000
39.0000 0.000000
39.1000 569501.067513
39.2000 0.000000
39.3000 1062723.146074
39.4000 0.000000
39.5000 0.000000
39.6000 0.000000
39.7000 0.000000
39.8000 0.000000
39.9000 0.000000
40.0000 0.000000
40.1000 0.000000
40.2000 0.000000
40.3000 77478.579999
40.4000 0.000000
40.5000 0.000000
40.6000 0.000000
40.7000 0.000000
40.8000 3618319.393237
40.9000 0.000000
41.0000 0.000000
41.1000 0.000000
41.2000 0.000000
41.3000 28032.634394
41.4000 0.000000
41.5000 0.000000
41.6000 0.000000
41.7000 388708.419173
41.8000 0.000000
41.9000 0.000000
42.0000 0.000000
42.1000 0.000000
42.2000 0.000000
42.3000 5169464.001809
42.4000 0.000000
42.5000 0.000000
42.6000 6692974.339165
42.7000 0.000000
42.8000 5261237.666625
42.9000 6415887.894301
43.0000 256266.202060
43.1000 0.000000
43.2000 0.000000
43.3000 0.000000
43.4000 0.000000
43.5000 0.000000
43.6000 0.000000
43.7000 2719814.330752
43.8000 0.000000
43.9000 0.000000
44.0000 0.000000
44.1000 0.000000
44.2000 0.000000
44.3000 0.000000
44.4000 0.000000
44.5000 0.000000
44.6000 0.000000
44.7000 0.000000
44.8000 0.000000
44.9000 0.000000
45.0000 0.000000
45.1000 0.000000
45.2000 0.000000
45.3000 0.000000
45.4000 0.000000
45.5000 0.000000
45.6000 6589.765384
45.7000 0.000000
45.8000 0.000000
45.9000 0.000000
46.0000 0.000000
46.1000 0.000000
46.2000 126.331021
46.3000 0.000000
46.4000 0.000000
46.5000 212106.111754
46.6000 0.000000
46.7000 0.000000
46.8000 0.000000
46.9000 994322.764776
47.0000 0.000000
47.1000 0.000000
47.2000 0.000000
47.3000 0.000000
47.4000 0.000000
47.5000 0.000000
47.6000 0.000000
47.7000 0.000000
47.8000 0.000000
47.9000 0.000000
48.0000 543.092565
48.1000 0.000000
48.2000 0.000000
48.3000 0.000000
48.4000 0.000000
48.5000 0.000000
48.6000 0.000000
48.7000 0.000000
48.8000 0.000000
48.9000 2649307.487891
49.0000 0.000000
49.1000 0.000000
49.2000 0.000000
49.3000 0.000000
49.4000 0.000000
49.5000 0.000000
49.6000 0.000000
49.7000 0.000000
49.8000 0.000000
49.9000 0.000000
50.0000 0.000000
50.1000 0.000000
50.2000 0.826326
50.3000 0.000000
50.4000 0.000000
50.5000 0.000000
50.6000 0.000000
50.7000 0.000000
50.8000 0.000000
50.9000 0.000000
51.0000 56885.513771
51.1000 497272.669937
51.2000 0.000000
51.3000 0.000000
51.4000 0.000000
51.5000 0.000000
51.6000 0.000000
51.7000 0.000000
51.8000 0.000000
51.9000 1646004.864625
52.0000 126.202928
52.1000 122914.095526
52.2000 711446.676725
52.3000 0.000000
52.4000 0.000000
52.5000 0.000000
52.6000 0.000000
52.7000 419373.307718
52.8000 0.000000
52.9000 2220.542551
53.0000 610639.588771
53.1000 0.000000
53.2000 0.000000
53.3000 0.000000
53.4000 0.000000
53.5000 0.000000
53.6000 0.000000
53.7000 0.000000
53.8000 0.000000
53.9000 0.000000
54.0000 0.000000
54.1000 0.000000
54.2000 0.000000
54.3000 0.000000
54.4000 0.000000
54.5000 969429.115467
54.6000 2248952.656031
54.7000 0.000000
54.8000 0.000000
54.9000 0.000000
55.0000 547181.221884
55.1000 45615.820006
55.2000 0.000000
55.3000 297395.610155
55.4000 0.000000
55.5000 131026.491406
55.6000 0.000000
55.7000 0.000000
55.8000 0.000000
55.9000 0.000000
56.0000 0.000000
56.1000 1532909.450855
56.2000 0.000000
56.3000 0.000000
56.4000 45968.412343
56.5000 0.000000
56.6000 0.000000
56.7000 0.000000
56.8000 0.000000
56.9000 0.000000
57.0000 0.000000
57.1000 0.000000
57.2000 0.000000
57.3000 0.000000
57.4000 0.000000
57.5000 0.000000
57.6000 195669.012639
57.7000 0.000000
57.8000 1355691.996148
57.9000 0.000000
58.0000 0.000000
58.1000 303950.997979
58.2000 0.000000
58.3000 0.000000
58.4000 0.000000
58.5000 0.000000
58.6000 0.000000
58.7000 0.000000
58.8000 0.000000
58.9000 0.000000
59.0000 0.000000
59.1000 27461.449042
59.2000 0.000000
59.3000 30921.464150
59.4000 0.000000
59.5000 0.000000
59.6000 0.000000
59.7000 0.000000
59.8000 0.000000
59.9000 0.000000
60.0000 0.000000
60.1000 0.000000
60.2000 4549239.979890
60.3000 76687.255037
60.4000 0.000000
60.5000 0.000000
60.6000 0.000000
60.7000 0.000000
60.8000 186750.255999
60.9000 0.000000
61.0000 0.000000
61.1000 135566.138874
61.2000 0.000000
61.3000 0.000000
61.4000 0.000000
61.5000 0.000000
61.6000 0.000000
61.7000 0.000000
61.8000 0.000000
61.9000 0.000000
62.0000 0.000000
62.1000 583164.519239
62.2000 103299.542840
62.3000 0.000000
62.4000 0.000000
62.5000 0.000000
62.6000 0.000000
62.7000 0.000000
62.8000 0.000000
62.9000 544070.117640
63.0000 1379321.822245
63.1000 0.000000
63.2000 0.000000
63.3000 0.000000
63.4000 0.000000
63.5000 710261.496522
63.6000 0.000000
63.7000 101381.837840
63.8000 0.000000
63.9000 0.000000
64.0000 0.000000
64.1000 0.000000
64.2000 0.000000
64.3000 0.000000
64.4000 0.000000
64.5000 2057.510020
64.6000 0.000000
64.7000 0.000000
64.8000 947924.611760
64.9000 0.000000
65.0000 0.000000
65.1000 0.000000
65.2000 833936.843910
65.3000 0.000000
65.4000 1534786.038190
65.5000 0.000000
65.6000 1362336.627534
65.7000 0.000000
65.8000 0.000000
65.9000 335984.369006
66.0000 0.000000
66.1000 14909.127344
66.2000 1019085.535728
66.3000 1177362.289901
66.4000 0.000000
66.5000 0.000000
66.6000 0.000000
66.7000 0.000000
66.8000 45.682947
66.9000 0.000000
67.0000 3812.580913
67.1000 0.000000
67.2000 0.000000
67.3000 0.000000
67.4000 0.000000
67.5000 0.000000
67.6000 0.000000
67.7000 1463624.250800
67.8000 0.000000
67.9000 59604.480368
68.0000 0.000000
68.1000 134.416192
68.2000 2843.996096
68.3000 0.000000
68.4000 0.000000
68.5000 0.000000
68.6000 33056.143170
68.7000 0.000000
68.8000 0.000000
68.9000 1452037.354040
69.0000 0.000000
69.1000 0.000000
69.2000 0.000000
69.3000 0.000000
69.4000 0.000000
69.5000 834322.692968
69.6000 0.000000
69.7000 0.000000
69.8000 0.000000
69.9000 0.000000
70.0000 0.000000
70.1000 0.000000
70.2000 0.000000
70.3000 0.000000
70.4000 21903.996379
70.5000 281640.174014
70.6000 0.000000
70.7000 0.000000
70.8000 0.000000
70.9000 0.000000
71.0000 0.000000
71.1000 0.000000
71.2000 7969.424102
71.3000 982545.739403
71.4000 0.000000
71.5000 0.000000
71.6000 0.000000
71.7000 0.000000
71.8000 0.000000
71.9000 88305.210643
72.0000 0.000000
72.1000 0.000000
72.2000 447066.079576
72.3000 0.000000
72.4000 0.000000
72.5000 164546.319184
72.6000 0.000000
72.7000 528338.841248
72.8000 0.000000
72.9000 0.000000
73.0000 0.000000
73.1000 0.000000
73.2000 0.000000
73.3000 0.000000
73.4000 87342.216769
73.5000 0.000000
73.6000 232389.995479
73.7000 0.000000
73.8000 0.000000
73.9000 228434.945445
74.0000 0.000000
74.1000 0.000000
74.2000 0.000000
74.3000 0.000000
74.4000 0.000000
74.5000 234484.759200
74.6000 0.000000
74.7000 0.000000
74.8000 0.000000
74.9000 1748394.865044
75.0000 0.000000
75.1000 29707.862501
75.2000 0.000000
75.3000 398439.584163
75.4000 960370.240693
75.5000 22693.773309
75.6000 0.000000
75.7000 0.000000
75.8000 273153.235561
75.9000 0.000000
76.0000 0.000000
76.1000 0.000000
76.2000 0.000000
76.3000 0.000000
76.4000 0.000000
76.5000 0.000000
76.6000 5849.198268
76.7000 0.000000
76.8000 0.000000
76.9000 0.000000
77.0000 0.000000
77.1000 0.000000
77.2000 0.000000
77.3000 0.000000
77.4000 512098.804478
77.5000 1685.200031
77.6000 0.000000
77.7000 83962.680146
77.8000 0.000000
77.9000 271631.009383
78.0000 6483.139633
78.1000 0.000000
78.2000 233706.353804
78.3000 0.000000
78.4000 0.000000
78.5000 753927.189670
78.6000 0.000000
78.7000 0.000000
78.8000 13808.044159
78.9000 0.000000
79.0000 0.000000
79.1000 0.000000
79.2000 0.000000
79.3000 0.000000
79.4000 0.000000
79.5000 737771.863112
79.6000 691513.411780
79.7000 0.000000
79.8000 561738.273790
79.9000 0.000000
80.0000 0.000000
80.1000 0.000000
80.2000 0.000000
80.3000 0.000000
80.4000 0.000000
80.5000 0.000000
80.6000 380740.634479
80.7000 0.000000
80.8000 0.000000
80.9000 0.000000
81.0000 0.000000
81.1000 0.000000
81.2000 0.000000
81.3000 0.000000
81.4000 11440.337783
81.5000 0.000000
81.6000 0.000000
81.7000 0.000000
81.8000 729.078218
81.9000 218133.830621
82.0000 0.000000
82.1000 0.000000
82.2000 327603.454488
82.3000 141949.159647
82.4000 0.000000
82.5000 0.000000
82.6000 0.000000
82.7000 0.000000
82.8000 165059.124462
82.9000 6324.209939
83.0000 0.000000
83.1000 0.000000
83.2000 0.000000
83.3000 0.000000
83.4000 0.000000
83.5000 0.000000
83.6000 0.000000
83.7000 113.087490
83.8000 0.000000
83.9000 430133.664230
84.0000 129111.749227
84.1000 0.000000
84.2000 0.000000
84.3000 1211223.394718
84.4000 25521.254701
84.5000 0.000000
84.6000 77148.105175
84.7000 48479.033409
84.8000 4339.140772
84.9000 0.000000
85.0000 0.000000
85.1000 0.000000
85.2000 426947.438633
85.3000 0.000000
85.4000 0.000000
85.5000 0.000000
85.6000 0.000000
85.7000 0.000000
85.8000 0.000000
85.9000 0.000000
86.0000 0.000000
86.1000 0.000000
86.2000 0.000000
86.3000 674092.659748
86.4000 0.000000
86.5000 470910.564821
86.6000 451246.072977
86.7000 0.000000
86.8000 0.000000
86.9000 208132.463096
87.0000 0.000000
87.1000 466074.655011
87.2000 4755.599839
87.3000 0.000000
87.4000 6724.685745
87.5000 0.000000
87.6000 0.000000
87.7000 0.000000
87.8000 0.000000
87.9000 0.000000
88.0000 0.000000
88.1000 0.000000
88.2000 449983.982973
88.3000 21100.900857
88.4000 210.456198
88.5000 0.000000
88.6000 581697.003231
88.7000 978599.090732
88.8000 1003403.469036
88.9000 0.000000
89.0000 1008175.671758
89.1000 0.000000
89.2000 142266.240510
89.3000 0.000000
89.4000 23554.722313
89.5000 87294.740508
89.6000 0.000000
89.7000 0.000000
89.8000 417695.462458
89.9000 0.000000
90.0000 0.000000
0.0000 0.000000
0.1000 0.000000
0.2000 0.000000
0.3000 0.000000
0.4000 0.000000
0.5000 0.000000
0.6000 0.000000
0.7000 0.000000
0.8000 0.000000
0.9000 0.000000
1.0000 0.000000
1.1000 0.000000
1.2000 0.000000
1.3000 0.000000
1.4000 0.000000
1.5000 0.000000
1.6000 0.000000
1.7000 0.000000
1.8000 0.000000
1.9000 0.000000
2.0000 0.000000
2.1000 0.000000
2.2000 0.000000
2.3000 0.000000
2.4000 0.000000
2.5000 0.000000
2.6000 0.000000
2.7000 0.000000
2.8000 0.000000
2.9000 0.000000
3.0000 0.000000
3.1000 0.000000
3.2000 0.000000
3.3000 0.000000
3.4000 0.000000
3.5000 0.000000
3.6000 0.000000
3.7000 0.000000
3.8000 0.000000
3.9000 0.000000
4.0000 0.000000
4.1000 0.000000
4.2000 0.000000
4.3000 0.000000
4.4000 0.000000
4.5000 0.000000
4.6000 0.000000
4.7000 0.000000
4.8000 0.000000
4.9000 0.000000
5.0000 0.000000
5.1000 0.000000
5.2000 0.000000
5.3000 0.000000
5.4000 0.000000
5.5000 0.000000
5.6000 0.000000
5.7000 0.000000
5.8000 0.000000
5.9000 0.000000
6.0000 0.000000
6.1000 0.000000
6.2000 0.000000
6.3000 0.000000
6.4000 0.000000
6.5000 0.000000
6.6000 0.000000
6.7000 0.000000
6.8000 0.000000
6.9000 0.000000
7.0000 0.000000
7.1000 0.000000
7.2000 0.000000
7.3000 0.000000
7.4000 0.000000
7.5000 0.000000
7.6000 0.000000
7.7000 0.000000
7.8000 0.000000
7.9000 0.000000
8.0000 0.000000
8.1000 0.000000
8.2000 0.000000
8.3000 0.000000
8.4000 0.000000
8.5000 0.000000
8.6000 0.000000
8.7000 0.000000
8.8000 0.000000
8.9000 0.000000
9.0000 0.000000
9.1000 0.000000
9.2000 0.000000
9.3000 0.000000
9.4000 0.000000
9.5000 0.000000
9.6000 0.000000
9.7000 0.000000
9.8000 0.000000
9.9000 0.000000
10.0000 0.000000
10.1000 0.000000
10.2000 0.000000
10.3000 0.000000
10.4000 0.000000
10.5000 0.000000
10.6000 0.000000
10.7000 0.000000
10.8000 0.000000
10.9000 0.000000
11.0000 0.000000
11.1000 0.000000
11.2000 0.000000
11.3000 0.000000
11.4000 0.000000
11.5000 0.000000
11.6000 0.000000
11.7000 0.000000
11.8000 0.000000
11.9000 0.000000
12.0000 0.000000
12.1000 0.000000
12.2000 0.000000
12.3000 0.000000
12.4000 0.000000
12.5000 0.000000
12.6000 0.000000
12.7000 0.000000
12.8000 0.000000
12.9000 0.000000
13.0000 0.000000
13.1000 0.000000
13.2000 0.000000
13.3000 0.000000
13.4000 0.000000
13.5000 0.000000
13.6000 0.000000
13.7000 0.000000
13.8000 0.000000
13.9000 0.000000
14.0000 0.000000
14.1000 0.000000
14.2000 0.000000
14.3000 0.000000
14.4000 0.000000
14.5000 0.000000
14.6000 0.000000
14.7000 0.000000
14.8000 0.000000
14.9000 0.000000
15.0000 0.000000
15.1000 0.000000
15.2000 0.000000
15.3000 0.000000
15.4000 0.000000
15.5000 0.000000
15.6000 0.000000
15.7000 0.000000
15.8000 0.000000
15.9000 2221.778209
16.0000 0.000000
16.1000 0.000000
16.2000 0.000000
16.3000 0.000000
16.4000 0.000000
16.5000 0.000000
16.6000 0.000000
16.7000 0.000000
16.8000 0.000000
16.9000 0.000000
17.0000 0.000000
17.1000 0.000000
17.2000 0.000000
17.3000 0.000000
17.4000 0.000000
17.5000 0.000000
17.6000 0.000000
17.7000 0.000000
17.8000 0.000000
17.9000 0.000000
18.0000 0.000000
18.1000 0.000000
18.2000 0.000000
18.3000 0.000000
18.4000 0.000000
18.5000 0.000000
18.6000 0.000000
18.7000 0.000000
18.8000 0.000000
18.9000 0.000000
19.0000 0.000000
19.1000 0.000000
19.2000 0.000000
19.3000 0.000000
19.4000 0.000000
19.5000 0.000000
19.6000 0.000000
19.7000 0.000000
19.8000 49585.568648
19.9000 0.000000
20.0000 0.000000
20.1000 0.000000
20.2000 0.000000
20.3000 0.000000
20.4000 0.000000
20.5000 93129.902563
20.6000 0.000000
20.7000 0.000000
20.8000 0.000000
20.9000 0.000000
21.0000 0.000000
21.1000 0.000000
21.2000 0.000000
21.3000 0.000000
21.4000 0.000000
21.5000 0.000000
21.6000 0.000000
21.7000 0.000000
21.8000 0.000000
21.9000 0.000000
22.0000 0.000000
22.1000 0.000000
22.2000 0.000000
22.3000 0.000000
22.4000 0.000000
22.5000 0.000000
22.6000 0.000000
22.7000 0.000000
22.8000 301669.743773
22.9000 0.000000
23.0000 0.000000
23.1000 0.000000
23.2000 0.000000
23.3000 0.000000
23.4000 21724.108667
23.5000 0.000000
23.6000 0.000000
23.7000 0.000000
23.8000 0.000000
23.9000 0.000000
24.0000 0.000000
24.1000 0.000000
24.2000 0.000000
24.3000 0.000000
24.4000 0.000000
24.5000 0.000000
24.6000 0.000000
24.7000 0.000000
24.8000 0.000000
24.9000 240845.003526
25.0000 0.000000
25.1000 0.000000
25.2000 0.000000
25.3000 0.000000
25.4000 0.000000
25.5000 0.000000
25.6000 0.000000
25.7000 0.000000
25.8000 688458.776836
25.9000 0.000000
26.0000 0.000000
26.1000 0.000000
26.2000 0.000000
26.3000 0.000000
26.4000 0.000000
26.5000 0.000000
26.6000 0.000000
26.7000 0.000000
26.8000 367238.637145
26.9000 0.000000
27.0000 0.000000
27.1000 0.000000
27.2000 0.000000
27.3000 0.000000
27.4000 0.000000
27.5000 0.000000
27.6000 0.000000
27.7000 0.000000
27.8000 0.000000
27.9000 0.000000
28.0000 0.000000
28.1000 0.000000
28.2000 0.000000
28.3000 0.000000
28.4000 0.000000
28.5000 0.000000
28.6000 0.000000
28.7000 813684.494447
28.8000 0.000000
28.9000 0.000000
29.0000 0.000000
29.1000 0.000000
29.2000 0.000000
29.3000 0.000000
29.4000 0.000000
29.5000 0.000000
29.6000 0.000000
29.7000 0.000000
29.8000 0.000000
29.9000 0.000000
30.0000 0.000000
30.1000 0.000000
30.2000 0.000000
30.3000 0.000000
30.4000 0.000000
30.5000 0.000000
30.6000 0.000000
30.7000 0.000000
30.8000 0.000000
30.9000 0.000000
31.0000 0.000000
31.1000 0.000000
31.2000 0.000000
31.3000 0.000000
31.4000 0.000000
31.5000 399524.565694
31.6000 0.000000
31.7000 0.000000
31.8000 0.000000
31.9000 0.000000
32.0000 12960.586288
32.1000 0.000000
32.2000 0.000000
32.3000 0.000000
32.4000 0.000000
32.5000 31790.852593
32.6000 0.000000
32.7000 0.000000
32.8000 299571.374157
32.9000 0.000000
33.0000 0.000000
33.1000 0.000000
33.2000 0.000000
33.3000 0.000000
33.4000 0.000000
33.5000 0.000000
33.6000 0.000000
33.7000 0.000000
33.8000 0.000000
33.9000 0.000000
34.0000 0.000000
34.1000 0.000000
34.2000 0.000000
34.3000 0.000000
34.4000 0.000000
34.5000 0.000000
34.6000 0.000000
34.7000 0.000000
34.8000 0.000000
34.9000 0.000000
35.0000 0.000000
35.1000 0.000000
35.2000 0.000000
35.3000 0.000000
35.4000 0.000000
35.5000 0.000000
35.6000 0.000000
35.7000 0.000000
35.8000 0.000000
35.9000 0.000000
36.0000 0.000000
36.1000 73431.211007
36.2000 0.000000
36.3000 0.000000
36.4000 0.000000
36.5000 0.000000
36.6000 6729.435347
36.7000 30826.573367
36.8000 0.000000
36.9000 0.000000
37.0000 0.000000
37.1000 0.000000
37.2000 0.000000
37.3000 0.000000
37.4000 0.000000
37.5000 0.000000
37.6000 0.000000
37.7000 0.000000
37.8000 0.000000
37.9000 0.000000
38.0000 0.000000
38.1000 0.000000
38.2000 0.000000
38.3000 0.000000
38.4000 0.000000
38.5000 0.000000
38.6000 0.000000
38.7000 64698.494897
38.8000 0.000000
38.9000 0.000000
39.0000 0.000000
39.1000 16404.866841
39.2000 0.000000
39.3000 52357.865834
39.4000 0.000000
39.5000 0.000000
39.6000 0.000000
39.7000 0.000000
39.8000 0.000000
39.9000 0.000000
40.0000 0.000000
40.1000 0.000000
40.2000 0.000000
40.3000 7282.538600
40.4000 0.000000
40.5000 0.000000
40.6000 0.000000
40.7000 0.000000
40.8000 136549.485260
40.9000 0.000000
41.0000 0.000000
41.1000 0.000000
41.2000 0.000000
41.3000 112.561106
41.4000 0.000000
41.5000 0.000000
41.6000 0.000000
41.7000 6516.076268
41.8000 0.000000
41.9000 0.000000
42.0000 0.000000
42.1000 0.000000
42.2000 0.000000
42.3000 242416.861412
42.4000 0.000000
42.5000 0.000000
42.6000 229860.764120
42.7000 0.000000
42.8000 170853.651856
42.9000 238069.533361
43.0000 17596.146794
43.1000 0.000000
43.2000 0.000000
43.3000 0.000000
43.4000 0.000000
43.5000 0.000000
43.6000 0.000000
43.7000 73102.597169
43.8000 0.000000
43.9000 0.000000
44.0000 0.000000
44.1000 0.000000
44.2000 0.000000
44.3000 0.000000
44.4000 0.000000
44.5000 0.000000
44.6000 0.000000
44.7000 0.000000
44.8000 0.000000
44.9000 0.000000
45.0000 0.000000
45.1000 0.000000
45.2000 0.000000
45.3000 0.000000
45.4000 0.000000
45.5000 0.000000
45.6000 1172.136059
45.7000 0.000000
45.8000 0.000000
45.9000 0.000000
46.0000 0.000000
46.1000 0.000000
46.2000 1322.178652
46.3000 0.000000
46.4000 0.000000
46.5000 2895.041745
46.6000 0.000000
46.7000 0.000000
46.8000 0.000000
46.9000 19548.682363
47.0000 0.000000
47.1000 0.000000
47.2000 0.000000
47.3000 0.000000
47.4000 0.000000
47.5000 0.000000
47.6000 0.000000
47.7000 0.000000
47.8000 0.000000
47.9000 0.000000
48.0000 60.477969
48.1000 0.000000
48.2000 0.000000
48.3000 0.000000
48.4000 0.000000
48.5000 0.000000
48.6000 0.000000
48.7000 0.000000
48.8000 0.000000
48.9000 91794.214532
49.0000 0.000000
49.1000 0.000000
49.2000 0.000000
49.3000 0.000000
49.4000 0.000000
49.5000 0.000000
49.6000 0.000000
49.7000 0.000000
49.8000 0.000000
49.9000 0.000000
50.0000 0.000000
50.1000 0.000000
50.2000 0.037714
50.3000 0.000000
50.4000 0.000000
50.5000 0.000000
50.6000 0.000000
50.7000 0.000000
50.8000 0.000000
50.9000 0.000000
51.0000 2227.914274
51.1000 15400.829980
51.2000 0.000000
51.3000 0.000000
51.4000 0.000000
51.5000 0.000000
51.6000 0.000000
51.7000 0.000000
51.8000 0.000000
51.9000 40225.379031
52.0000 11634.592028
52.1000 297.687720
52.2000 12364.970210
52.3000 0.000000
52.4000 0.000000
52.5000 0.000000
52.6000 0.000000
52.7000 9885.256443
52.8000 0.000000
52.9000 234.160797
53.0000 9893.956591
53.1000 0.000000
53.2000 0.000000
53.3000 0.000000
53.4000 0.000000
53.5000 0.000000
53.6000 0.000000
53.7000 0.000000
53.8000 0.000000
53.9000 0.000000
54.0000 0.000000
54.1000 0.000000
54.2000 0.000000
54.3000 0.000000
54.4000 0.000000
54.5000 24889.012454
54.6000 44046.838827
54.7000 0.000000
54.8000 0.000000
54.9000 0.000000
55.0000 17500.646091
55.1000 965.214456
55.2000 0.000000
55.3000 6267.596987
55.4000 0.000000
55.5000 1858.054485
55.6000 0.000000
55.7000 0.000000
55.8000 0.000000
55.9000 0.000000
56.0000 0.000000
56.1000 46763.846607
56.2000 0.000000
56.3000 0.000000
56.4000 9962.756400
56.5000 0.000000
56.6000 0.000000
56.7000 0.000000
56.8000 0.000000
56.9000 0.000000
57.0000 0.000000
57.1000 0.000000
57.2000 0.000000
57.3000 0.000000
57.4000 0.000000
57.5000 0.000000
57.6000 7469.284036
57.7000 0.000000
57.8000 76760.600798
57.9000 0.000000
58.0000 0.000000
58.1000 2007.864092
58.2000 0.000000
58.3000 0.000000
58.4000 0.000000
58.5000 0.000000
58.6000 0.000000
58.7000 0.000000
58.8000 0.000000
58.9000 0.000000
59.0000 0.000000
59.1000 3279.967774
59.2000 0.000000
59.3000 3688.689528
59.4000 0.000000
59.5000 0.000000
59.6000 0.000000
59.7000 0.000000
59.8000 0.000000
59.9000 0.000000
60.0000 0.000000
60.1000 0.000000
60.2000 135002.400824
60.3000 3259.228332
60.4000 0.000000
60.5000 0.000000
60.6000 0.000000
60.7000 0.000000
60.8000 2210.191964
60.9000 0.000000
61.0000 0.000000
61.1000 3484.138743
61.2000 0.000000
61.3000 0.000000
61.4000 0.000000
61.5000 0.000000
61.6000 0.000000
61.7000 0.000000
61.8000 0.000000
61.9000 0.000000
62.0000 0.000000
62.1000 18015.724521
62.2000 184.894463
62.3000 0.000000
62.4000 0.000000
62.5000 0.000000
62.6000 0.000000
62.7000 0.000000
62.8000 0.000000
62.9000 5119.798816
63.0000 41200.445520
63.1000 0.000000
63.2000 0.000000
63.3000 0.000000
63.4000 0.000000
63.5000 23696.908249
63.6000 0.000000
63.7000 140.972627
63.8000 0.000000
63.9000 0.000000
64.0000 0.000000
64.1000 0.000000
64.2000 0.000000
64.3000 0.000000
64.4000 0.000000
64.5000 644.018724
64.6000 0.000000
64.7000 0.000000
64.8000 35813.746672
64.9000 0.000000
65.0000 0.000000
65.1000 0.000000
65.2000 19707.263511
65.3000 0.000000
65.4000 38177.493827
65.5000 0.000000
65.6000 36353.113653
65.7000 0.000000
65.8000 0.000000
65.9000 5586.437150
66.0000 0.000000
66.1000 2085.222980
66.2000 35928.587812
66.3000 41704.761348
66.4000 0.000000
66.5000 0.000000
66.6000 0.000000
66.7000 0.000000
66.8000 858.649179
66.9000 0.000000
67.0000 409.424756
67.1000 0.000000
67.2000 0.000000
67.3000 0.000000
67.4000 0.000000
67.5000 0.000000
67.6000 0.000000
67.7000 44716.156803
67.8000 0.000000
67.9000 92.819281
68.0000 0.000000
68.1000 2185.313605
68.2000 7.135653
68.3000 0.000000
68.4000 0.000000
68.5000 0.000000
68.6000 53.209253
68.7000 0.000000
68.8000 0.000000
68.9000 58900.762667
69.0000 0.000000
69.1000 0.000000
69.2000 0.000000
69.3000 0.000000
69.4000 0.000000
69.5000 23008.118943
69.6000 0.000000
69.7000 0.000000
69.8000 0.000000
69.9000 0.000000
70.0000 0.000000
70.1000 0.000000
70.2000 0.000000
70.3000 0.000000
70.4000 10298.412969
70.5000 9185.802956
70.6000 0.000000
70.7000 0.000000
70.8000 0.000000
70.9000 0.000000
71.0000 0.000000
71.1000 0.000000
71.2000 139.896879
71.3000 31651.371276
71.4000 0.000000
71.5000 0.000000
71.6000 0.000000
71.7000 0.000000
71.8000 0.000000
71.9000 654.013502
72.0000 0.000000
72.1000 0.000000
72.2000 15662.547771
72.3000 0.000000
72.4000 0.000000
72.5000 1429.323102
72.6000 0.000000
72.7000 21012.306077
72.8000 0.000000
72.9000 0.000000
73.0000 0.000000
73.1000 0.000000
73.2000 0.000000
73.3000 0.000000
73.4000 2517.706103
73.5000 0.000000
73.6000 3151.764911
73.7000 0.000000
73.8000 0.000000
73.9000 1814.605723
74.0000 0.000000
74.1000 0.000000
74.2000 0.000000
74.3000 0.000000
74.4000 0.000000
74.5000 7396.091804
74.6000 0.000000
74.7000 0.000000
74.8000 0.000000
74.9000 64992.458930
75.0000 0.000000
75.1000 596.469810
75.2000 0.000000
75.3000 16253.823066
75.4000 20029.056191
75.5000 824.212459
75.6000 0.000000
75.7000 0.000000
75.8000 14414.797254
75.9000 0.000000
76.0000 0.000000
76.1000 0.000000
76.2000 0.000000
76.3000 0.000000
76.4000 0.000000
76.5000 0.000000
76.6000 663.748121
76.7000 0.000000
76.8000 0.000000
76.9000 0.000000
77.0000 0.000000
77.1000 0.000000
77.2000 0.000000
77.3000 0.000000
77.4000 10354.647120
77.5000 10.328239
77.6000 0.000000
77.7000 2268.496377
77.8000 0.000000
77.9000 1040.543649
78.0000 496.066161
78.1000 0.000000
78.2000 2402.298062
78.3000 0.000000
78.4000 0.000000
78.5000 26734.699430
78.6000 0.000000
78.7000 0.000000
78.8000 1820.513407
78.9000 0.000000
79.0000 0.000000
79.1000 0.000000
79.2000 0.000000
79.3000 0.000000
79.4000 0.000000
79.5000 22285.157663
79.6000 23929.371753
79.7000 0.000000
79.8000 6623.326814
79.9000 0.000000
80.0000 0.000000
80.1000 0.000000
80.2000 0.000000
80.3000 0.000000
80.4000 0.000000
80.5000 0.000000
80.6000 11022.891461
80.7000 0.000000
80.8000 0.000000
80.9000 0.000000
81.0000 0.000000
81.1000 0.000000
81.2000 0.000000
81.3000 0.000000
81.4000 2.367749
81.5000 0.000000
81.6000 0.000000
81.7000 0.000000
81.8000 21.717664
81.9000 6257.049740
82.0000 0.000000
82.1000 0.000000
82.2000 3378.028930
82.3000 6972.868855
82.4000 0.000000
82.5000 0.000000
82.6000 0.000000
82.7000 0.000000
82.8000 5633.139396
82.9000 1026.048746
83.0000 0.000000
83.1000 0.000000
83.2000 0.000000
83.3000 0.000000
83.4000 0.000000
83.5000 0.000000
83.6000 0.000000
83.7000 9.078182
83.8000 0.000000
83.9000 12178.267210
84.0000 1273.505288
84.1000 0.000000
84.2000 0.000000
84.3000 34047.886027
84.4000 5260.424160
84.5000 0.000000
84.6000 598.337700
84.7000 2355.646781
84.8000 106.078845
84.9000 0.000000
85.0000 0.000000
85.1000 0.000000
85.2000 7611.152847
85.3000 0.000000
85.4000 0.000000
85.5000 0.000000
85.6000 0.000000
85.7000 0.000000
85.8000 0.000000
85.9000 0.000000
86.0000 0.000000
86.1000 0.000000
86.2000 0.000000
86.3000 17872.862513
86.4000 0.000000
86.5000 18373.779373
86.6000 10900.956159
86.7000 0.000000
86.8000 0.000000
86.9000 4962.509384
87.0000 0.000000
87.1000 15862.283751
87.2000 390.291162
87.3000 0.000000
87.4000 236.242344
87.5000 0.000000
87.6000 0.000000
87.7000 0.000000
87.8000 0.000000
87.9000 0.000000
88.0000 0.000000
88.1000 0.000000
88.2000 10019.365800
88.3000 405.430499
88.4000 3.272009
88.5000 0.000000
88.6000 9760.005537
88.7000 21010.559381
88.8000 28711.965350
88.9000 0.000000
89.0000 23862.951326
89.1000 0.000000
89.2000 2972.191364
89.3000 0.000000
89.4000 1956.936610
89.5000 2682.398216
89.6000 0.000000
89.7000 0.000000
89.8000 5657.633831
89.9000 0.000000
90.0000 0.000000
